(kicad_pcb (version 20171130) (host pcbnew "(5.1.12)-1")

  (general
    (thickness 1.6)
    (drawings 49)
    (tracks 630)
    (zones 0)
    (modules 90)
    (nets 153)
  )

  (page A4)
  (layers
    (0 F.Cu signal)
    (31 B.Cu signal)
    (32 B.Adhes user)
    (33 F.Adhes user)
    (34 B.Paste user)
    (35 F.Paste user)
    (36 B.SilkS user)
    (37 F.SilkS user)
    (38 B.Mask user)
    (39 F.Mask user)
    (40 Dwgs.User user hide)
    (41 Cmts.User user)
    (42 Eco1.User user)
    (43 Eco2.User user)
    (44 Edge.Cuts user)
    (45 Margin user)
    (46 B.CrtYd user)
    (47 F.CrtYd user)
    (48 B.Fab user)
    (49 F.Fab user hide)
  )

  (setup
    (last_trace_width 0.508)
    (user_trace_width 0.254)
    (user_trace_width 0.4318)
    (user_trace_width 1.27)
    (user_trace_width 2.032)
    (user_trace_width 3.81)
    (trace_clearance 0.2)
    (zone_clearance 0.508)
    (zone_45_only no)
    (trace_min 0.2)
    (via_size 0.8)
    (via_drill 0.4)
    (via_min_size 0.4)
    (via_min_drill 0.3)
    (uvia_size 0.3)
    (uvia_drill 0.1)
    (uvias_allowed no)
    (uvia_min_size 0.2)
    (uvia_min_drill 0.1)
    (edge_width 0.05)
    (segment_width 0.2)
    (pcb_text_width 0.3)
    (pcb_text_size 1.5 1.5)
    (mod_edge_width 0.12)
    (mod_text_size 1 1)
    (mod_text_width 0.15)
    (pad_size 4 4)
    (pad_drill 3.2)
    (pad_to_mask_clearance 0)
    (aux_axis_origin 0 0)
    (visible_elements 7FFFEFFF)
    (pcbplotparams
      (layerselection 0x010fc_ffffffff)
      (usegerberextensions false)
      (usegerberattributes true)
      (usegerberadvancedattributes true)
      (creategerberjobfile true)
      (excludeedgelayer true)
      (linewidth 0.100000)
      (plotframeref false)
      (viasonmask false)
      (mode 1)
      (useauxorigin false)
      (hpglpennumber 1)
      (hpglpenspeed 20)
      (hpglpendiameter 15.000000)
      (psnegative false)
      (psa4output false)
      (plotreference true)
      (plotvalue true)
      (plotinvisibletext false)
      (padsonsilk false)
      (subtractmaskfromsilk false)
      (outputformat 1)
      (mirror false)
      (drillshape 0)
      (scaleselection 1)
      (outputdirectory "fab/Gerbers/"))
  )

  (net 0 "")
  (net 1 GND)
  (net 2 "Net-(C1-Pad1)")
  (net 3 "Net-(IC1-Pad4)")
  (net 4 "Net-(J10-Pad4)")
  (net 5 "Net-(J15-Pad2)")
  (net 6 "Net-(R3-Pad2)")
  (net 7 "Net-(J14-Pad8)")
  (net 8 "Net-(J14-Pad7)")
  (net 9 "Net-(J14-Pad6)")
  (net 10 "Net-(J14-Pad5)")
  (net 11 "Net-(J14-Pad4)")
  (net 12 "Net-(J14-Pad3)")
  (net 13 "Net-(J18-Pad3)")
  (net 14 "Net-(J20-Pad2)")
  (net 15 "Net-(J21-Pad3)")
  (net 16 "Net-(Q1-Pad1)")
  (net 17 "Net-(J22-Pad3)")
  (net 18 "Net-(C8-Pad1)")
  (net 19 "Net-(J21-Pad9)")
  (net 20 "Net-(J21-Pad6)")
  (net 21 "Net-(J22-Pad1)")
  (net 22 "Net-(J23-Pad3)")
  (net 23 "Net-(J3-Pad1)")
  (net 24 "Net-(J2-Pad2)")
  (net 25 "Net-(D3-Pad1)")
  (net 26 "Net-(J1-Pad3)")
  (net 27 "Net-(J1-Pad2)")
  (net 28 "Net-(J4-Pad6)")
  (net 29 "Net-(J4-Pad3)")
  (net 30 "Net-(R4-Pad2)")
  (net 31 "Net-(U6-Pad6)")
  (net 32 "Net-(D5-Pad2)")
  (net 33 "Net-(J10-Pad3)")
  (net 34 "Net-(J15-Pad8)")
  (net 35 "Net-(J15-Pad7)")
  (net 36 "Net-(J15-Pad4)")
  (net 37 "Net-(J15-Pad3)")
  (net 38 "Net-(J18-Pad6)")
  (net 39 "Net-(J22-Pad8)")
  (net 40 "Net-(J23-Pad5)")
  (net 41 "Net-(J23-Pad4)")
  (net 42 "Net-(J23-Pad2)")
  (net 43 "Net-(J23-Pad1)")
  (net 44 "Net-(J24-Pad3)")
  (net 45 "Net-(J13-Pad3)")
  (net 46 "Net-(J13-Pad2)")
  (net 47 "Net-(J25-Pad5)")
  (net 48 "Net-(KF2-Pad5)")
  (net 49 "Net-(J15-Pad1)")
  (net 50 "Net-(D4-Pad2)")
  (net 51 "Net-(J2-Pad4)")
  (net 52 "Net-(J2-Pad3)")
  (net 53 "Net-(J4-Pad12)")
  (net 54 "Net-(J4-Pad11)")
  (net 55 "Net-(J4-Pad9)")
  (net 56 "Net-(J4-Pad7)")
  (net 57 "Net-(J4-Pad2)")
  (net 58 "Net-(J4-Pad1)")
  (net 59 "Net-(J5-Pad6)")
  (net 60 "Net-(J5-Pad5)")
  (net 61 "Net-(J6-Pad12)")
  (net 62 "Net-(J6-Pad2)")
  (net 63 "Net-(J6-Pad1)")
  (net 64 "Net-(J7-Pad8)")
  (net 65 "Net-(J7-Pad7)")
  (net 66 "Net-(J7-Pad6)")
  (net 67 "Net-(J7-Pad5)")
  (net 68 "Net-(J7-Pad4)")
  (net 69 "Net-(J7-Pad3)")
  (net 70 "Net-(J7-Pad2)")
  (net 71 "Net-(J7-Pad1)")
  (net 72 "Net-(J9-Pad6)")
  (net 73 "Net-(J9-Pad5)")
  (net 74 "Net-(J9-Pad4)")
  (net 75 "Net-(J9-Pad3)")
  (net 76 "Net-(J13-Pad15)")
  (net 77 "Net-(J13-Pad14)")
  (net 78 "Net-(J13-Pad13)")
  (net 79 "Net-(J13-Pad11)")
  (net 80 "Net-(J13-Pad10)")
  (net 81 "Net-(J13-Pad9)")
  (net 82 "Net-(J13-Pad8)")
  (net 83 "Net-(J13-Pad7)")
  (net 84 "Net-(J13-Pad6)")
  (net 85 "Net-(J13-Pad5)")
  (net 86 "Net-(J13-Pad4)")
  (net 87 "Net-(J16-Pad8)")
  (net 88 "Net-(J16-Pad7)")
  (net 89 "Net-(J16-Pad6)")
  (net 90 "Net-(J16-Pad5)")
  (net 91 "Net-(J16-Pad4)")
  (net 92 "Net-(J16-Pad3)")
  (net 93 "Net-(J17-Pad14)")
  (net 94 "Net-(J17-Pad13)")
  (net 95 "Net-(J17-Pad12)")
  (net 96 "Net-(J17-Pad11)")
  (net 97 "Net-(J17-Pad10)")
  (net 98 "Net-(J17-Pad7)")
  (net 99 "Net-(J17-Pad6)")
  (net 100 "Net-(J17-Pad5)")
  (net 101 "Net-(J17-Pad4)")
  (net 102 "Net-(J17-Pad3)")
  (net 103 "Net-(J18-Pad8)")
  (net 104 "Net-(J18-Pad7)")
  (net 105 "Net-(J18-Pad5)")
  (net 106 "Net-(J18-Pad4)")
  (net 107 "Net-(J18-Pad2)")
  (net 108 "Net-(J18-Pad1)")
  (net 109 "Net-(J19-Pad2)")
  (net 110 "Net-(J22-Pad4)")
  (net 111 "Net-(J23-Pad6)")
  (net 112 "Net-(J24-Pad10)")
  (net 113 "Net-(J24-Pad9)")
  (net 114 "Net-(J24-Pad8)")
  (net 115 "Net-(J24-Pad7)")
  (net 116 "Net-(J24-Pad6)")
  (net 117 "Net-(J24-Pad5)")
  (net 118 "Net-(J24-Pad4)")
  (net 119 "Net-(J24-Pad2)")
  (net 120 "Net-(J24-Pad1)")
  (net 121 "Net-(J25-Pad9)")
  (net 122 "Net-(J25-Pad8)")
  (net 123 "Net-(J25-Pad7)")
  (net 124 "Net-(J25-Pad6)")
  (net 125 "Net-(J25-Pad3)")
  (net 126 "Net-(J25-Pad2)")
  (net 127 "Net-(J25-Pad1)")
  (net 128 "Net-(J26-Pad5)")
  (net 129 "Net-(J26-Pad4)")
  (net 130 "Net-(J26-Pad3)")
  (net 131 "Net-(J26-Pad2)")
  (net 132 "Net-(J26-Pad1)")
  (net 133 "Net-(J27-Pad3)")
  (net 134 "Net-(R1-Pad2)")
  (net 135 "Net-(R2-Pad2)")
  (net 136 "Net-(C2-Pad1)")
  (net 137 "Net-(C11-Pad1)")
  (net 138 "Net-(K1-Pad4)")
  (net 139 "Net-(J6-PadMH3)")
  (net 140 "Net-(J6-PadMH2)")
  (net 141 "Net-(J6-PadMH1)")
  (net 142 "Net-(J6-Pad9)")
  (net 143 "Net-(J6-Pad8)")
  (net 144 "Net-(J6-Pad7)")
  (net 145 "Net-(J6-Pad3)")
  (net 146 "Net-(KF3-Pad4)")
  (net 147 "Net-(J6-Pad4)")
  (net 148 "Net-(K1-Pad3)")
  (net 149 "Net-(D1-Pad3)")
  (net 150 "Net-(D2-Pad3)")
  (net 151 "Net-(D6-Pad3)")
  (net 152 "Net-(R8-Pad2)")

  (net_class Default "This is the default net class."
    (clearance 0.2)
    (trace_width 0.508)
    (via_dia 0.8)
    (via_drill 0.4)
    (uvia_dia 0.3)
    (uvia_drill 0.1)
    (add_net GND)
    (add_net "Net-(C1-Pad1)")
    (add_net "Net-(C11-Pad1)")
    (add_net "Net-(C2-Pad1)")
    (add_net "Net-(C8-Pad1)")
    (add_net "Net-(D1-Pad3)")
    (add_net "Net-(D2-Pad3)")
    (add_net "Net-(D3-Pad1)")
    (add_net "Net-(D4-Pad2)")
    (add_net "Net-(D5-Pad2)")
    (add_net "Net-(D6-Pad3)")
    (add_net "Net-(IC1-Pad4)")
    (add_net "Net-(J1-Pad2)")
    (add_net "Net-(J1-Pad3)")
    (add_net "Net-(J10-Pad3)")
    (add_net "Net-(J10-Pad4)")
    (add_net "Net-(J13-Pad10)")
    (add_net "Net-(J13-Pad11)")
    (add_net "Net-(J13-Pad13)")
    (add_net "Net-(J13-Pad14)")
    (add_net "Net-(J13-Pad15)")
    (add_net "Net-(J13-Pad2)")
    (add_net "Net-(J13-Pad3)")
    (add_net "Net-(J13-Pad4)")
    (add_net "Net-(J13-Pad5)")
    (add_net "Net-(J13-Pad6)")
    (add_net "Net-(J13-Pad7)")
    (add_net "Net-(J13-Pad8)")
    (add_net "Net-(J13-Pad9)")
    (add_net "Net-(J14-Pad3)")
    (add_net "Net-(J14-Pad4)")
    (add_net "Net-(J14-Pad5)")
    (add_net "Net-(J14-Pad6)")
    (add_net "Net-(J14-Pad7)")
    (add_net "Net-(J14-Pad8)")
    (add_net "Net-(J15-Pad1)")
    (add_net "Net-(J15-Pad2)")
    (add_net "Net-(J15-Pad3)")
    (add_net "Net-(J15-Pad4)")
    (add_net "Net-(J15-Pad7)")
    (add_net "Net-(J15-Pad8)")
    (add_net "Net-(J16-Pad3)")
    (add_net "Net-(J16-Pad4)")
    (add_net "Net-(J16-Pad5)")
    (add_net "Net-(J16-Pad6)")
    (add_net "Net-(J16-Pad7)")
    (add_net "Net-(J16-Pad8)")
    (add_net "Net-(J17-Pad10)")
    (add_net "Net-(J17-Pad11)")
    (add_net "Net-(J17-Pad12)")
    (add_net "Net-(J17-Pad13)")
    (add_net "Net-(J17-Pad14)")
    (add_net "Net-(J17-Pad3)")
    (add_net "Net-(J17-Pad4)")
    (add_net "Net-(J17-Pad5)")
    (add_net "Net-(J17-Pad6)")
    (add_net "Net-(J17-Pad7)")
    (add_net "Net-(J18-Pad1)")
    (add_net "Net-(J18-Pad2)")
    (add_net "Net-(J18-Pad3)")
    (add_net "Net-(J18-Pad4)")
    (add_net "Net-(J18-Pad5)")
    (add_net "Net-(J18-Pad6)")
    (add_net "Net-(J18-Pad7)")
    (add_net "Net-(J18-Pad8)")
    (add_net "Net-(J19-Pad2)")
    (add_net "Net-(J2-Pad2)")
    (add_net "Net-(J2-Pad3)")
    (add_net "Net-(J2-Pad4)")
    (add_net "Net-(J20-Pad2)")
    (add_net "Net-(J21-Pad3)")
    (add_net "Net-(J21-Pad6)")
    (add_net "Net-(J21-Pad9)")
    (add_net "Net-(J22-Pad1)")
    (add_net "Net-(J22-Pad3)")
    (add_net "Net-(J22-Pad4)")
    (add_net "Net-(J22-Pad8)")
    (add_net "Net-(J23-Pad1)")
    (add_net "Net-(J23-Pad2)")
    (add_net "Net-(J23-Pad3)")
    (add_net "Net-(J23-Pad4)")
    (add_net "Net-(J23-Pad5)")
    (add_net "Net-(J23-Pad6)")
    (add_net "Net-(J24-Pad1)")
    (add_net "Net-(J24-Pad10)")
    (add_net "Net-(J24-Pad2)")
    (add_net "Net-(J24-Pad3)")
    (add_net "Net-(J24-Pad4)")
    (add_net "Net-(J24-Pad5)")
    (add_net "Net-(J24-Pad6)")
    (add_net "Net-(J24-Pad7)")
    (add_net "Net-(J24-Pad8)")
    (add_net "Net-(J24-Pad9)")
    (add_net "Net-(J25-Pad1)")
    (add_net "Net-(J25-Pad2)")
    (add_net "Net-(J25-Pad3)")
    (add_net "Net-(J25-Pad5)")
    (add_net "Net-(J25-Pad6)")
    (add_net "Net-(J25-Pad7)")
    (add_net "Net-(J25-Pad8)")
    (add_net "Net-(J25-Pad9)")
    (add_net "Net-(J26-Pad1)")
    (add_net "Net-(J26-Pad2)")
    (add_net "Net-(J26-Pad3)")
    (add_net "Net-(J26-Pad4)")
    (add_net "Net-(J26-Pad5)")
    (add_net "Net-(J27-Pad3)")
    (add_net "Net-(J3-Pad1)")
    (add_net "Net-(J4-Pad1)")
    (add_net "Net-(J4-Pad11)")
    (add_net "Net-(J4-Pad12)")
    (add_net "Net-(J4-Pad2)")
    (add_net "Net-(J4-Pad3)")
    (add_net "Net-(J4-Pad6)")
    (add_net "Net-(J4-Pad7)")
    (add_net "Net-(J4-Pad9)")
    (add_net "Net-(J5-Pad5)")
    (add_net "Net-(J5-Pad6)")
    (add_net "Net-(J6-Pad1)")
    (add_net "Net-(J6-Pad12)")
    (add_net "Net-(J6-Pad2)")
    (add_net "Net-(J6-Pad3)")
    (add_net "Net-(J6-Pad4)")
    (add_net "Net-(J6-Pad7)")
    (add_net "Net-(J6-Pad8)")
    (add_net "Net-(J6-Pad9)")
    (add_net "Net-(J6-PadMH1)")
    (add_net "Net-(J6-PadMH2)")
    (add_net "Net-(J6-PadMH3)")
    (add_net "Net-(J7-Pad1)")
    (add_net "Net-(J7-Pad2)")
    (add_net "Net-(J7-Pad3)")
    (add_net "Net-(J7-Pad4)")
    (add_net "Net-(J7-Pad5)")
    (add_net "Net-(J7-Pad6)")
    (add_net "Net-(J7-Pad7)")
    (add_net "Net-(J7-Pad8)")
    (add_net "Net-(J9-Pad3)")
    (add_net "Net-(J9-Pad4)")
    (add_net "Net-(J9-Pad5)")
    (add_net "Net-(J9-Pad6)")
    (add_net "Net-(K1-Pad3)")
    (add_net "Net-(K1-Pad4)")
    (add_net "Net-(KF2-Pad5)")
    (add_net "Net-(KF3-Pad4)")
    (add_net "Net-(Q1-Pad1)")
    (add_net "Net-(R1-Pad2)")
    (add_net "Net-(R2-Pad2)")
    (add_net "Net-(R3-Pad2)")
    (add_net "Net-(R4-Pad2)")
    (add_net "Net-(R8-Pad2)")
    (add_net "Net-(U6-Pad6)")
  )

  (module Connector_PinSocket_2.54mm:PinSocket_2x02_P2.54mm_Vertical (layer F.Cu) (tedit 5A19A426) (tstamp 6233B8D8)
    (at 94.1832 29.1592 90)
    (descr "Through hole straight socket strip, 2x02, 2.54mm pitch, double cols (from Kicad 4.0.7), script generated")
    (tags "Through hole socket strip THT 2x02 2.54mm double row")
    (path /6239B6BE)
    (fp_text reference J12 (at 2.5654 0.9906 180) (layer F.SilkS)
      (effects (font (size 1 1) (thickness 0.15)))
    )
    (fp_text value Conn_02x02_Counter_Clockwise (at -1.27 5.31 90) (layer F.Fab)
      (effects (font (size 1 1) (thickness 0.15)))
    )
    (fp_line (start -4.34 4.3) (end -4.34 -1.8) (layer F.CrtYd) (width 0.05))
    (fp_line (start 1.76 4.3) (end -4.34 4.3) (layer F.CrtYd) (width 0.05))
    (fp_line (start 1.76 -1.8) (end 1.76 4.3) (layer F.CrtYd) (width 0.05))
    (fp_line (start -4.34 -1.8) (end 1.76 -1.8) (layer F.CrtYd) (width 0.05))
    (fp_line (start 0 -1.33) (end 1.33 -1.33) (layer F.SilkS) (width 0.12))
    (fp_line (start 1.33 -1.33) (end 1.33 0) (layer F.SilkS) (width 0.12))
    (fp_line (start -1.27 -1.33) (end -1.27 1.27) (layer F.SilkS) (width 0.12))
    (fp_line (start -1.27 1.27) (end 1.33 1.27) (layer F.SilkS) (width 0.12))
    (fp_line (start 1.33 1.27) (end 1.33 3.87) (layer F.SilkS) (width 0.12))
    (fp_line (start -3.87 3.87) (end 1.33 3.87) (layer F.SilkS) (width 0.12))
    (fp_line (start -3.87 -1.33) (end -3.87 3.87) (layer F.SilkS) (width 0.12))
    (fp_line (start -3.87 -1.33) (end -1.27 -1.33) (layer F.SilkS) (width 0.12))
    (fp_line (start -3.81 3.81) (end -3.81 -1.27) (layer F.Fab) (width 0.1))
    (fp_line (start 1.27 3.81) (end -3.81 3.81) (layer F.Fab) (width 0.1))
    (fp_line (start 1.27 -0.27) (end 1.27 3.81) (layer F.Fab) (width 0.1))
    (fp_line (start 0.27 -1.27) (end 1.27 -0.27) (layer F.Fab) (width 0.1))
    (fp_line (start -3.81 -1.27) (end 0.27 -1.27) (layer F.Fab) (width 0.1))
    (fp_text user %R (at -1.27 1.27) (layer F.Fab)
      (effects (font (size 1 1) (thickness 0.15)))
    )
    (pad 4 thru_hole oval (at -2.54 2.54 90) (size 1.7 1.7) (drill 1) (layers *.Cu *.Mask)
      (net 1 GND))
    (pad 3 thru_hole oval (at 0 2.54 90) (size 1.7 1.7) (drill 1) (layers *.Cu *.Mask)
      (net 1 GND))
    (pad 2 thru_hole oval (at -2.54 0 90) (size 1.7 1.7) (drill 1) (layers *.Cu *.Mask)
      (net 137 "Net-(C11-Pad1)"))
    (pad 1 thru_hole rect (at 0 0 90) (size 1.7 1.7) (drill 1) (layers *.Cu *.Mask)
      (net 137 "Net-(C11-Pad1)"))
    (model ${KISYS3DMOD}/Connector_PinSocket_2.54mm.3dshapes/PinSocket_2x02_P2.54mm_Vertical.wrl
      (at (xyz 0 0 0))
      (scale (xyz 1 1 1))
      (rotate (xyz 0 0 0))
    )
  )

  (module MyFootprints:HR911105A (layer F.Cu) (tedit 61C14D1D) (tstamp 62136DD0)
    (at 35 166 180)
    (descr HR911105A-1)
    (tags Connector)
    (path /62F20E01)
    (fp_text reference J4 (at -4.45 -6.35) (layer F.SilkS)
      (effects (font (size 1.27 1.27) (thickness 0.254)))
    )
    (fp_text value HR911105A (at -5.08 6.5532) (layer F.SilkS)
      (effects (font (size 1.27 1.27) (thickness 0.254)))
    )
    (fp_line (start -12.465 4.3) (end 3.575 4.3) (layer F.Fab) (width 0.2))
    (fp_line (start 3.575 4.3) (end 3.575 -17) (layer F.Fab) (width 0.2))
    (fp_line (start 3.575 -17) (end -12.465 -17) (layer F.Fab) (width 0.2))
    (fp_line (start -12.465 -17) (end -12.465 4.3) (layer F.Fab) (width 0.2))
    (fp_line (start -14.417 -18) (end 5.518 -18) (layer F.CrtYd) (width 0.1))
    (fp_line (start 5.518 -18) (end 5.518 5.3) (layer F.CrtYd) (width 0.1))
    (fp_line (start 5.518 5.3) (end -14.417 5.3) (layer F.CrtYd) (width 0.1))
    (fp_line (start -14.417 5.3) (end -14.417 -18) (layer F.CrtYd) (width 0.1))
    (fp_line (start -12.465 -5.35) (end -12.465 -5.35) (layer F.SilkS) (width 0.1))
    (fp_line (start -12.465 -5.35) (end -12.465 -17) (layer F.SilkS) (width 0.1))
    (fp_line (start -12.465 -17) (end -12.465 -17) (layer F.SilkS) (width 0.1))
    (fp_line (start -12.465 -17) (end -12.465 -5.35) (layer F.SilkS) (width 0.1))
    (fp_line (start 3.575 -17) (end 3.575 -17) (layer F.SilkS) (width 0.1))
    (fp_line (start 3.575 -17) (end 3.575 -5.6) (layer F.SilkS) (width 0.1))
    (fp_line (start 3.575 -5.6) (end 3.575 -5.6) (layer F.SilkS) (width 0.1))
    (fp_line (start 3.575 -5.6) (end 3.575 -17) (layer F.SilkS) (width 0.1))
    (fp_line (start 3.575 -1.1) (end 3.575 -1.1) (layer F.SilkS) (width 0.1))
    (fp_line (start 3.575 -1.1) (end 3.575 4.3) (layer F.SilkS) (width 0.1))
    (fp_line (start 3.575 4.3) (end 3.575 4.3) (layer F.SilkS) (width 0.1))
    (fp_line (start 3.575 4.3) (end 3.575 -1.1) (layer F.SilkS) (width 0.1))
    (fp_line (start -12.465 -1.1) (end -12.465 -1.1) (layer F.SilkS) (width 0.1))
    (fp_line (start -12.465 -1.1) (end -12.465 4.3) (layer F.SilkS) (width 0.1))
    (fp_line (start -12.465 4.3) (end -12.465 4.3) (layer F.SilkS) (width 0.1))
    (fp_line (start -12.465 4.3) (end -12.465 -1.1) (layer F.SilkS) (width 0.1))
    (fp_line (start 4.05 0.15) (end 4.05 0.15) (layer F.SilkS) (width 0.2))
    (fp_line (start 4.05 0.05) (end 4.05 0.05) (layer F.SilkS) (width 0.2))
    (fp_line (start 4.05 0.15) (end 4.05 0.15) (layer F.SilkS) (width 0.2))
    (fp_arc (start 4.05 0.1) (end 4.05 0.15) (angle -180) (layer F.SilkS) (width 0.2))
    (fp_arc (start 4.05 0.1) (end 4.05 0.05) (angle -180) (layer F.SilkS) (width 0.2))
    (fp_arc (start 4.05 0.1) (end 4.05 0.15) (angle -180) (layer F.SilkS) (width 0.2))
    (fp_text user %R (at -4.45 -6.35) (layer F.Fab)
      (effects (font (size 1.27 1.27) (thickness 0.254)))
    )
    (pad MH4 np_thru_hole circle (at -10.16 -6.35 180) (size 3.25 0) (drill 3.25) (layers *.Cu *.Mask))
    (pad MH3 np_thru_hole circle (at 1.27 -6.35 180) (size 3.25 0) (drill 3.25) (layers *.Cu *.Mask))
    (pad MH2 thru_hole circle (at -12.19 -3.3 180) (size 2.445 2.445) (drill 1.63) (layers *.Cu *.Mask)
      (net 1 GND))
    (pad MH1 thru_hole circle (at 3.3 -3.3 180) (size 2.445 2.445) (drill 1.63) (layers *.Cu *.Mask)
      (net 1 GND))
    (pad 12 thru_hole circle (at -11.07 -11.25 180) (size 1.53 1.53) (drill 1.02) (layers *.Cu *.Mask)
      (net 53 "Net-(J4-Pad12)"))
    (pad 11 thru_hole circle (at -8.53 -11.25 180) (size 1.53 1.53) (drill 1.02) (layers *.Cu *.Mask)
      (net 54 "Net-(J4-Pad11)"))
    (pad 10 thru_hole circle (at -0.36 -11.25 180) (size 1.53 1.53) (drill 1.02) (layers *.Cu *.Mask)
      (net 1 GND))
    (pad 9 thru_hole circle (at 2.18 -11.25 180) (size 1.53 1.53) (drill 1.02) (layers *.Cu *.Mask)
      (net 55 "Net-(J4-Pad9)"))
    (pad 8 thru_hole circle (at -8.89 2.54 180) (size 1.446 1.446) (drill 0.89) (layers *.Cu *.Mask)
      (net 1 GND))
    (pad 7 thru_hole circle (at -7.62 0 180) (size 1.446 1.446) (drill 0.89) (layers *.Cu *.Mask)
      (net 56 "Net-(J4-Pad7)"))
    (pad 6 thru_hole circle (at -6.35 2.54 180) (size 1.446 1.446) (drill 0.89) (layers *.Cu *.Mask)
      (net 28 "Net-(J4-Pad6)"))
    (pad 5 thru_hole circle (at -5.08 0 180) (size 1.446 1.446) (drill 0.89) (layers *.Cu *.Mask)
      (net 136 "Net-(C2-Pad1)"))
    (pad 4 thru_hole circle (at -3.81 2.54 180) (size 1.446 1.446) (drill 0.89) (layers *.Cu *.Mask)
      (net 136 "Net-(C2-Pad1)"))
    (pad 3 thru_hole circle (at -2.54 0 180) (size 1.446 1.446) (drill 0.89) (layers *.Cu *.Mask)
      (net 29 "Net-(J4-Pad3)"))
    (pad 2 thru_hole circle (at -1.27 2.54 180) (size 1.446 1.446) (drill 0.89) (layers *.Cu *.Mask)
      (net 57 "Net-(J4-Pad2)"))
    (pad 1 thru_hole circle (at 0 0 180) (size 1.446 1.446) (drill 0.89) (layers *.Cu *.Mask)
      (net 58 "Net-(J4-Pad1)"))
    (model "C:\\Users\\CoxDa\\OneDrive\\Kicad\\LibraryLoader files\\SamacSys_Parts.3dshapes\\HR911105A.stp"
      (offset (xyz 3.489999957122153 17.31999943470385 13.5299995297711))
      (scale (xyz 1 1 1))
      (rotate (xyz -90 0 -180))
    )
  )

  (module Resistor_SMD:R_1206_3216Metric (layer F.Cu) (tedit 5F68FEEE) (tstamp 62303031)
    (at 97.575 121.65 90)
    (descr "Resistor SMD 1206 (3216 Metric), square (rectangular) end terminal, IPC_7351 nominal, (Body size source: IPC-SM-782 page 72, https://www.pcb-3d.com/wordpress/wp-content/uploads/ipc-sm-782a_amendment_1_and_2.pdf), generated with kicad-footprint-generator")
    (tags resistor)
    (path /62227B3F)
    (attr smd)
    (fp_text reference R12 (at -1.75 -2.725 180) (layer F.SilkS)
      (effects (font (size 1 1) (thickness 0.15)))
    )
    (fp_text value 1K (at 0 1.82 90) (layer F.Fab)
      (effects (font (size 1 1) (thickness 0.15)))
    )
    (fp_line (start 2.28 1.12) (end -2.28 1.12) (layer F.CrtYd) (width 0.05))
    (fp_line (start 2.28 -1.12) (end 2.28 1.12) (layer F.CrtYd) (width 0.05))
    (fp_line (start -2.28 -1.12) (end 2.28 -1.12) (layer F.CrtYd) (width 0.05))
    (fp_line (start -2.28 1.12) (end -2.28 -1.12) (layer F.CrtYd) (width 0.05))
    (fp_line (start -0.727064 0.91) (end 0.727064 0.91) (layer F.SilkS) (width 0.12))
    (fp_line (start -0.727064 -0.91) (end 0.727064 -0.91) (layer F.SilkS) (width 0.12))
    (fp_line (start 1.6 0.8) (end -1.6 0.8) (layer F.Fab) (width 0.1))
    (fp_line (start 1.6 -0.8) (end 1.6 0.8) (layer F.Fab) (width 0.1))
    (fp_line (start -1.6 -0.8) (end 1.6 -0.8) (layer F.Fab) (width 0.1))
    (fp_line (start -1.6 0.8) (end -1.6 -0.8) (layer F.Fab) (width 0.1))
    (fp_text user %R (at 0 0 90) (layer F.Fab)
      (effects (font (size 0.8 0.8) (thickness 0.12)))
    )
    (pad 2 smd roundrect (at 1.4625 0 90) (size 1.125 1.75) (layers F.Cu F.Paste F.Mask) (roundrect_rratio 0.2222213333333333)
      (net 86 "Net-(J13-Pad4)"))
    (pad 1 smd roundrect (at -1.4625 0 90) (size 1.125 1.75) (layers F.Cu F.Paste F.Mask) (roundrect_rratio 0.2222213333333333)
      (net 16 "Net-(Q1-Pad1)"))
    (model ${KISYS3DMOD}/Resistor_SMD.3dshapes/R_1206_3216Metric.wrl
      (at (xyz 0 0 0))
      (scale (xyz 1 1 1))
      (rotate (xyz 0 0 0))
    )
  )

  (module Resistor_SMD:R_1206_3216Metric (layer F.Cu) (tedit 5F68FEEE) (tstamp 622FE5AB)
    (at 142.0876 147.3454)
    (descr "Resistor SMD 1206 (3216 Metric), square (rectangular) end terminal, IPC_7351 nominal, (Body size source: IPC-SM-782 page 72, https://www.pcb-3d.com/wordpress/wp-content/uploads/ipc-sm-782a_amendment_1_and_2.pdf), generated with kicad-footprint-generator")
    (tags resistor)
    (path /624153C5)
    (attr smd)
    (fp_text reference R14 (at 0 -1.82) (layer F.SilkS)
      (effects (font (size 1 1) (thickness 0.15)))
    )
    (fp_text value 2K (at 0 1.82) (layer F.Fab)
      (effects (font (size 1 1) (thickness 0.15)))
    )
    (fp_line (start -1.6 0.8) (end -1.6 -0.8) (layer F.Fab) (width 0.1))
    (fp_line (start -1.6 -0.8) (end 1.6 -0.8) (layer F.Fab) (width 0.1))
    (fp_line (start 1.6 -0.8) (end 1.6 0.8) (layer F.Fab) (width 0.1))
    (fp_line (start 1.6 0.8) (end -1.6 0.8) (layer F.Fab) (width 0.1))
    (fp_line (start -0.727064 -0.91) (end 0.727064 -0.91) (layer F.SilkS) (width 0.12))
    (fp_line (start -0.727064 0.91) (end 0.727064 0.91) (layer F.SilkS) (width 0.12))
    (fp_line (start -2.28 1.12) (end -2.28 -1.12) (layer F.CrtYd) (width 0.05))
    (fp_line (start -2.28 -1.12) (end 2.28 -1.12) (layer F.CrtYd) (width 0.05))
    (fp_line (start 2.28 -1.12) (end 2.28 1.12) (layer F.CrtYd) (width 0.05))
    (fp_line (start 2.28 1.12) (end -2.28 1.12) (layer F.CrtYd) (width 0.05))
    (fp_text user %R (at 0 0) (layer F.Fab)
      (effects (font (size 0.8 0.8) (thickness 0.12)))
    )
    (pad 2 smd roundrect (at 1.4625 0) (size 1.125 1.75) (layers F.Cu F.Paste F.Mask) (roundrect_rratio 0.2222213333333333)
      (net 1 GND))
    (pad 1 smd roundrect (at -1.4625 0) (size 1.125 1.75) (layers F.Cu F.Paste F.Mask) (roundrect_rratio 0.2222213333333333)
      (net 151 "Net-(D6-Pad3)"))
    (model ${KISYS3DMOD}/Resistor_SMD.3dshapes/R_1206_3216Metric.wrl
      (at (xyz 0 0 0))
      (scale (xyz 1 1 1))
      (rotate (xyz 0 0 0))
    )
  )

  (module Resistor_SMD:R_1206_3216Metric (layer F.Cu) (tedit 5F68FEEE) (tstamp 622FE59A)
    (at 142.1384 151.13)
    (descr "Resistor SMD 1206 (3216 Metric), square (rectangular) end terminal, IPC_7351 nominal, (Body size source: IPC-SM-782 page 72, https://www.pcb-3d.com/wordpress/wp-content/uploads/ipc-sm-782a_amendment_1_and_2.pdf), generated with kicad-footprint-generator")
    (tags resistor)
    (path /6241603D)
    (attr smd)
    (fp_text reference R13 (at 0 -1.82) (layer F.SilkS)
      (effects (font (size 1 1) (thickness 0.15)))
    )
    (fp_text value 1K (at 0 1.82) (layer F.Fab)
      (effects (font (size 1 1) (thickness 0.15)))
    )
    (fp_line (start -1.6 0.8) (end -1.6 -0.8) (layer F.Fab) (width 0.1))
    (fp_line (start -1.6 -0.8) (end 1.6 -0.8) (layer F.Fab) (width 0.1))
    (fp_line (start 1.6 -0.8) (end 1.6 0.8) (layer F.Fab) (width 0.1))
    (fp_line (start 1.6 0.8) (end -1.6 0.8) (layer F.Fab) (width 0.1))
    (fp_line (start -0.727064 -0.91) (end 0.727064 -0.91) (layer F.SilkS) (width 0.12))
    (fp_line (start -0.727064 0.91) (end 0.727064 0.91) (layer F.SilkS) (width 0.12))
    (fp_line (start -2.28 1.12) (end -2.28 -1.12) (layer F.CrtYd) (width 0.05))
    (fp_line (start -2.28 -1.12) (end 2.28 -1.12) (layer F.CrtYd) (width 0.05))
    (fp_line (start 2.28 -1.12) (end 2.28 1.12) (layer F.CrtYd) (width 0.05))
    (fp_line (start 2.28 1.12) (end -2.28 1.12) (layer F.CrtYd) (width 0.05))
    (fp_text user %R (at 0 0) (layer F.Fab)
      (effects (font (size 0.8 0.8) (thickness 0.12)))
    )
    (pad 2 smd roundrect (at 1.4625 0) (size 1.125 1.75) (layers F.Cu F.Paste F.Mask) (roundrect_rratio 0.2222213333333333)
      (net 147 "Net-(J6-Pad4)"))
    (pad 1 smd roundrect (at -1.4625 0) (size 1.125 1.75) (layers F.Cu F.Paste F.Mask) (roundrect_rratio 0.2222213333333333)
      (net 151 "Net-(D6-Pad3)"))
    (model ${KISYS3DMOD}/Resistor_SMD.3dshapes/R_1206_3216Metric.wrl
      (at (xyz 0 0 0))
      (scale (xyz 1 1 1))
      (rotate (xyz 0 0 0))
    )
  )

  (module Resistor_SMD:R_1206_3216Metric (layer F.Cu) (tedit 5F68FEEE) (tstamp 622FE529)
    (at 127.9652 140.589)
    (descr "Resistor SMD 1206 (3216 Metric), square (rectangular) end terminal, IPC_7351 nominal, (Body size source: IPC-SM-782 page 72, https://www.pcb-3d.com/wordpress/wp-content/uploads/ipc-sm-782a_amendment_1_and_2.pdf), generated with kicad-footprint-generator")
    (tags resistor)
    (path /627B7EA8)
    (attr smd)
    (fp_text reference R9 (at 0 -1.82) (layer F.SilkS)
      (effects (font (size 1 1) (thickness 0.15)))
    )
    (fp_text value 2K (at 0 1.82) (layer F.Fab)
      (effects (font (size 1 1) (thickness 0.15)))
    )
    (fp_line (start -1.6 0.8) (end -1.6 -0.8) (layer F.Fab) (width 0.1))
    (fp_line (start -1.6 -0.8) (end 1.6 -0.8) (layer F.Fab) (width 0.1))
    (fp_line (start 1.6 -0.8) (end 1.6 0.8) (layer F.Fab) (width 0.1))
    (fp_line (start 1.6 0.8) (end -1.6 0.8) (layer F.Fab) (width 0.1))
    (fp_line (start -0.727064 -0.91) (end 0.727064 -0.91) (layer F.SilkS) (width 0.12))
    (fp_line (start -0.727064 0.91) (end 0.727064 0.91) (layer F.SilkS) (width 0.12))
    (fp_line (start -2.28 1.12) (end -2.28 -1.12) (layer F.CrtYd) (width 0.05))
    (fp_line (start -2.28 -1.12) (end 2.28 -1.12) (layer F.CrtYd) (width 0.05))
    (fp_line (start 2.28 -1.12) (end 2.28 1.12) (layer F.CrtYd) (width 0.05))
    (fp_line (start 2.28 1.12) (end -2.28 1.12) (layer F.CrtYd) (width 0.05))
    (fp_text user %R (at 0 0) (layer F.Fab)
      (effects (font (size 0.8 0.8) (thickness 0.12)))
    )
    (pad 2 smd roundrect (at 1.4625 0) (size 1.125 1.75) (layers F.Cu F.Paste F.Mask) (roundrect_rratio 0.2222213333333333)
      (net 1 GND))
    (pad 1 smd roundrect (at -1.4625 0) (size 1.125 1.75) (layers F.Cu F.Paste F.Mask) (roundrect_rratio 0.2222213333333333)
      (net 149 "Net-(D1-Pad3)"))
    (model ${KISYS3DMOD}/Resistor_SMD.3dshapes/R_1206_3216Metric.wrl
      (at (xyz 0 0 0))
      (scale (xyz 1 1 1))
      (rotate (xyz 0 0 0))
    )
  )

  (module Resistor_SMD:R_1206_3216Metric (layer F.Cu) (tedit 5F68FEEE) (tstamp 622FE518)
    (at 127.9144 144.3228)
    (descr "Resistor SMD 1206 (3216 Metric), square (rectangular) end terminal, IPC_7351 nominal, (Body size source: IPC-SM-782 page 72, https://www.pcb-3d.com/wordpress/wp-content/uploads/ipc-sm-782a_amendment_1_and_2.pdf), generated with kicad-footprint-generator")
    (tags resistor)
    (path /627B8B2A)
    (attr smd)
    (fp_text reference R8 (at 0 -1.82) (layer F.SilkS)
      (effects (font (size 1 1) (thickness 0.15)))
    )
    (fp_text value 1K (at 0 1.82) (layer F.Fab)
      (effects (font (size 1 1) (thickness 0.15)))
    )
    (fp_line (start -1.6 0.8) (end -1.6 -0.8) (layer F.Fab) (width 0.1))
    (fp_line (start -1.6 -0.8) (end 1.6 -0.8) (layer F.Fab) (width 0.1))
    (fp_line (start 1.6 -0.8) (end 1.6 0.8) (layer F.Fab) (width 0.1))
    (fp_line (start 1.6 0.8) (end -1.6 0.8) (layer F.Fab) (width 0.1))
    (fp_line (start -0.727064 -0.91) (end 0.727064 -0.91) (layer F.SilkS) (width 0.12))
    (fp_line (start -0.727064 0.91) (end 0.727064 0.91) (layer F.SilkS) (width 0.12))
    (fp_line (start -2.28 1.12) (end -2.28 -1.12) (layer F.CrtYd) (width 0.05))
    (fp_line (start -2.28 -1.12) (end 2.28 -1.12) (layer F.CrtYd) (width 0.05))
    (fp_line (start 2.28 -1.12) (end 2.28 1.12) (layer F.CrtYd) (width 0.05))
    (fp_line (start 2.28 1.12) (end -2.28 1.12) (layer F.CrtYd) (width 0.05))
    (fp_text user %R (at 0 0) (layer F.Fab)
      (effects (font (size 0.8 0.8) (thickness 0.12)))
    )
    (pad 2 smd roundrect (at 1.4625 0) (size 1.125 1.75) (layers F.Cu F.Paste F.Mask) (roundrect_rratio 0.2222213333333333)
      (net 152 "Net-(R8-Pad2)"))
    (pad 1 smd roundrect (at -1.4625 0) (size 1.125 1.75) (layers F.Cu F.Paste F.Mask) (roundrect_rratio 0.2222213333333333)
      (net 149 "Net-(D1-Pad3)"))
    (model ${KISYS3DMOD}/Resistor_SMD.3dshapes/R_1206_3216Metric.wrl
      (at (xyz 0 0 0))
      (scale (xyz 1 1 1))
      (rotate (xyz 0 0 0))
    )
  )

  (module Resistor_SMD:R_1206_3216Metric (layer F.Cu) (tedit 5F68FEEE) (tstamp 622FE507)
    (at 157.9372 115.8494)
    (descr "Resistor SMD 1206 (3216 Metric), square (rectangular) end terminal, IPC_7351 nominal, (Body size source: IPC-SM-782 page 72, https://www.pcb-3d.com/wordpress/wp-content/uploads/ipc-sm-782a_amendment_1_and_2.pdf), generated with kicad-footprint-generator")
    (tags resistor)
    (path /62B7B8CC)
    (attr smd)
    (fp_text reference R7 (at 0 -1.82) (layer F.SilkS)
      (effects (font (size 1 1) (thickness 0.15)))
    )
    (fp_text value 2K (at 0 1.82) (layer F.Fab)
      (effects (font (size 1 1) (thickness 0.15)))
    )
    (fp_line (start -1.6 0.8) (end -1.6 -0.8) (layer F.Fab) (width 0.1))
    (fp_line (start -1.6 -0.8) (end 1.6 -0.8) (layer F.Fab) (width 0.1))
    (fp_line (start 1.6 -0.8) (end 1.6 0.8) (layer F.Fab) (width 0.1))
    (fp_line (start 1.6 0.8) (end -1.6 0.8) (layer F.Fab) (width 0.1))
    (fp_line (start -0.727064 -0.91) (end 0.727064 -0.91) (layer F.SilkS) (width 0.12))
    (fp_line (start -0.727064 0.91) (end 0.727064 0.91) (layer F.SilkS) (width 0.12))
    (fp_line (start -2.28 1.12) (end -2.28 -1.12) (layer F.CrtYd) (width 0.05))
    (fp_line (start -2.28 -1.12) (end 2.28 -1.12) (layer F.CrtYd) (width 0.05))
    (fp_line (start 2.28 -1.12) (end 2.28 1.12) (layer F.CrtYd) (width 0.05))
    (fp_line (start 2.28 1.12) (end -2.28 1.12) (layer F.CrtYd) (width 0.05))
    (fp_text user %R (at 0 0) (layer F.Fab)
      (effects (font (size 0.8 0.8) (thickness 0.12)))
    )
    (pad 2 smd roundrect (at 1.4625 0) (size 1.125 1.75) (layers F.Cu F.Paste F.Mask) (roundrect_rratio 0.2222213333333333)
      (net 1 GND))
    (pad 1 smd roundrect (at -1.4625 0) (size 1.125 1.75) (layers F.Cu F.Paste F.Mask) (roundrect_rratio 0.2222213333333333)
      (net 150 "Net-(D2-Pad3)"))
    (model ${KISYS3DMOD}/Resistor_SMD.3dshapes/R_1206_3216Metric.wrl
      (at (xyz 0 0 0))
      (scale (xyz 1 1 1))
      (rotate (xyz 0 0 0))
    )
  )

  (module Resistor_SMD:R_1206_3216Metric (layer F.Cu) (tedit 5F68FEEE) (tstamp 622FE4F6)
    (at 158.0134 119.5832)
    (descr "Resistor SMD 1206 (3216 Metric), square (rectangular) end terminal, IPC_7351 nominal, (Body size source: IPC-SM-782 page 72, https://www.pcb-3d.com/wordpress/wp-content/uploads/ipc-sm-782a_amendment_1_and_2.pdf), generated with kicad-footprint-generator")
    (tags resistor)
    (path /61F63D8D)
    (attr smd)
    (fp_text reference R6 (at 0 -1.82) (layer F.SilkS)
      (effects (font (size 1 1) (thickness 0.15)))
    )
    (fp_text value 1K (at 0 1.82) (layer F.Fab)
      (effects (font (size 1 1) (thickness 0.15)))
    )
    (fp_line (start -1.6 0.8) (end -1.6 -0.8) (layer F.Fab) (width 0.1))
    (fp_line (start -1.6 -0.8) (end 1.6 -0.8) (layer F.Fab) (width 0.1))
    (fp_line (start 1.6 -0.8) (end 1.6 0.8) (layer F.Fab) (width 0.1))
    (fp_line (start 1.6 0.8) (end -1.6 0.8) (layer F.Fab) (width 0.1))
    (fp_line (start -0.727064 -0.91) (end 0.727064 -0.91) (layer F.SilkS) (width 0.12))
    (fp_line (start -0.727064 0.91) (end 0.727064 0.91) (layer F.SilkS) (width 0.12))
    (fp_line (start -2.28 1.12) (end -2.28 -1.12) (layer F.CrtYd) (width 0.05))
    (fp_line (start -2.28 -1.12) (end 2.28 -1.12) (layer F.CrtYd) (width 0.05))
    (fp_line (start 2.28 -1.12) (end 2.28 1.12) (layer F.CrtYd) (width 0.05))
    (fp_line (start 2.28 1.12) (end -2.28 1.12) (layer F.CrtYd) (width 0.05))
    (fp_text user %R (at 0 0) (layer F.Fab)
      (effects (font (size 0.8 0.8) (thickness 0.12)))
    )
    (pad 2 smd roundrect (at 1.4625 0) (size 1.125 1.75) (layers F.Cu F.Paste F.Mask) (roundrect_rratio 0.2222213333333333)
      (net 146 "Net-(KF3-Pad4)"))
    (pad 1 smd roundrect (at -1.4625 0) (size 1.125 1.75) (layers F.Cu F.Paste F.Mask) (roundrect_rratio 0.2222213333333333)
      (net 150 "Net-(D2-Pad3)"))
    (model ${KISYS3DMOD}/Resistor_SMD.3dshapes/R_1206_3216Metric.wrl
      (at (xyz 0 0 0))
      (scale (xyz 1 1 1))
      (rotate (xyz 0 0 0))
    )
  )

  (module Package_TO_SOT_SMD:SOT-23 (layer F.Cu) (tedit 5A02FF57) (tstamp 622FDBF7)
    (at 141.8844 142.7988 180)
    (descr "SOT-23, Standard")
    (tags SOT-23)
    (path /624A1663)
    (attr smd)
    (fp_text reference D6 (at 2.7178 1.1684) (layer F.SilkS)
      (effects (font (size 1 1) (thickness 0.15)))
    )
    (fp_text value BAV99 (at 0 2.5) (layer F.Fab)
      (effects (font (size 1 1) (thickness 0.15)))
    )
    (fp_line (start -0.7 -0.95) (end -0.7 1.5) (layer F.Fab) (width 0.1))
    (fp_line (start -0.15 -1.52) (end 0.7 -1.52) (layer F.Fab) (width 0.1))
    (fp_line (start -0.7 -0.95) (end -0.15 -1.52) (layer F.Fab) (width 0.1))
    (fp_line (start 0.7 -1.52) (end 0.7 1.52) (layer F.Fab) (width 0.1))
    (fp_line (start -0.7 1.52) (end 0.7 1.52) (layer F.Fab) (width 0.1))
    (fp_line (start 0.76 1.58) (end 0.76 0.65) (layer F.SilkS) (width 0.12))
    (fp_line (start 0.76 -1.58) (end 0.76 -0.65) (layer F.SilkS) (width 0.12))
    (fp_line (start -1.7 -1.75) (end 1.7 -1.75) (layer F.CrtYd) (width 0.05))
    (fp_line (start 1.7 -1.75) (end 1.7 1.75) (layer F.CrtYd) (width 0.05))
    (fp_line (start 1.7 1.75) (end -1.7 1.75) (layer F.CrtYd) (width 0.05))
    (fp_line (start -1.7 1.75) (end -1.7 -1.75) (layer F.CrtYd) (width 0.05))
    (fp_line (start 0.76 -1.58) (end -1.4 -1.58) (layer F.SilkS) (width 0.12))
    (fp_line (start 0.76 1.58) (end -0.7 1.58) (layer F.SilkS) (width 0.12))
    (fp_text user %R (at 0 0 90) (layer F.Fab)
      (effects (font (size 0.5 0.5) (thickness 0.075)))
    )
    (pad 3 smd rect (at 1 0 180) (size 0.9 0.8) (layers F.Cu F.Paste F.Mask)
      (net 151 "Net-(D6-Pad3)"))
    (pad 2 smd rect (at -1 0.95 180) (size 0.9 0.8) (layers F.Cu F.Paste F.Mask)
      (net 2 "Net-(C1-Pad1)"))
    (pad 1 smd rect (at -1 -0.95 180) (size 0.9 0.8) (layers F.Cu F.Paste F.Mask)
      (net 1 GND))
    (model ${KISYS3DMOD}/Package_TO_SOT_SMD.3dshapes/SOT-23.wrl
      (at (xyz 0 0 0))
      (scale (xyz 1 1 1))
      (rotate (xyz 0 0 0))
    )
  )

  (module Package_TO_SOT_SMD:SOT-23 (layer F.Cu) (tedit 5A02FF57) (tstamp 622FDB5A)
    (at 157.7594 111.2774)
    (descr "SOT-23, Standard")
    (tags SOT-23)
    (path /623E134D)
    (attr smd)
    (fp_text reference D2 (at 0 -2.5) (layer F.SilkS)
      (effects (font (size 1 1) (thickness 0.15)))
    )
    (fp_text value BAV99 (at 0 2.5) (layer F.Fab)
      (effects (font (size 1 1) (thickness 0.15)))
    )
    (fp_line (start -0.7 -0.95) (end -0.7 1.5) (layer F.Fab) (width 0.1))
    (fp_line (start -0.15 -1.52) (end 0.7 -1.52) (layer F.Fab) (width 0.1))
    (fp_line (start -0.7 -0.95) (end -0.15 -1.52) (layer F.Fab) (width 0.1))
    (fp_line (start 0.7 -1.52) (end 0.7 1.52) (layer F.Fab) (width 0.1))
    (fp_line (start -0.7 1.52) (end 0.7 1.52) (layer F.Fab) (width 0.1))
    (fp_line (start 0.76 1.58) (end 0.76 0.65) (layer F.SilkS) (width 0.12))
    (fp_line (start 0.76 -1.58) (end 0.76 -0.65) (layer F.SilkS) (width 0.12))
    (fp_line (start -1.7 -1.75) (end 1.7 -1.75) (layer F.CrtYd) (width 0.05))
    (fp_line (start 1.7 -1.75) (end 1.7 1.75) (layer F.CrtYd) (width 0.05))
    (fp_line (start 1.7 1.75) (end -1.7 1.75) (layer F.CrtYd) (width 0.05))
    (fp_line (start -1.7 1.75) (end -1.7 -1.75) (layer F.CrtYd) (width 0.05))
    (fp_line (start 0.76 -1.58) (end -1.4 -1.58) (layer F.SilkS) (width 0.12))
    (fp_line (start 0.76 1.58) (end -0.7 1.58) (layer F.SilkS) (width 0.12))
    (fp_text user %R (at 0 0 90) (layer F.Fab)
      (effects (font (size 0.5 0.5) (thickness 0.075)))
    )
    (pad 3 smd rect (at 1 0) (size 0.9 0.8) (layers F.Cu F.Paste F.Mask)
      (net 150 "Net-(D2-Pad3)"))
    (pad 2 smd rect (at -1 0.95) (size 0.9 0.8) (layers F.Cu F.Paste F.Mask)
      (net 2 "Net-(C1-Pad1)"))
    (pad 1 smd rect (at -1 -0.95) (size 0.9 0.8) (layers F.Cu F.Paste F.Mask)
      (net 1 GND))
    (model ${KISYS3DMOD}/Package_TO_SOT_SMD.3dshapes/SOT-23.wrl
      (at (xyz 0 0 0))
      (scale (xyz 1 1 1))
      (rotate (xyz 0 0 0))
    )
  )

  (module Package_TO_SOT_SMD:SOT-23 (layer F.Cu) (tedit 5A02FF57) (tstamp 622FDB45)
    (at 127.9906 136.2202)
    (descr "SOT-23, Standard")
    (tags SOT-23)
    (path /628A07FA)
    (attr smd)
    (fp_text reference D1 (at 0 -2.5) (layer F.SilkS)
      (effects (font (size 1 1) (thickness 0.15)))
    )
    (fp_text value BAV99 (at 0 2.5) (layer F.Fab)
      (effects (font (size 1 1) (thickness 0.15)))
    )
    (fp_line (start -0.7 -0.95) (end -0.7 1.5) (layer F.Fab) (width 0.1))
    (fp_line (start -0.15 -1.52) (end 0.7 -1.52) (layer F.Fab) (width 0.1))
    (fp_line (start -0.7 -0.95) (end -0.15 -1.52) (layer F.Fab) (width 0.1))
    (fp_line (start 0.7 -1.52) (end 0.7 1.52) (layer F.Fab) (width 0.1))
    (fp_line (start -0.7 1.52) (end 0.7 1.52) (layer F.Fab) (width 0.1))
    (fp_line (start 0.76 1.58) (end 0.76 0.65) (layer F.SilkS) (width 0.12))
    (fp_line (start 0.76 -1.58) (end 0.76 -0.65) (layer F.SilkS) (width 0.12))
    (fp_line (start -1.7 -1.75) (end 1.7 -1.75) (layer F.CrtYd) (width 0.05))
    (fp_line (start 1.7 -1.75) (end 1.7 1.75) (layer F.CrtYd) (width 0.05))
    (fp_line (start 1.7 1.75) (end -1.7 1.75) (layer F.CrtYd) (width 0.05))
    (fp_line (start -1.7 1.75) (end -1.7 -1.75) (layer F.CrtYd) (width 0.05))
    (fp_line (start 0.76 -1.58) (end -1.4 -1.58) (layer F.SilkS) (width 0.12))
    (fp_line (start 0.76 1.58) (end -0.7 1.58) (layer F.SilkS) (width 0.12))
    (fp_text user %R (at 0 0 90) (layer F.Fab)
      (effects (font (size 0.5 0.5) (thickness 0.075)))
    )
    (pad 3 smd rect (at 1 0) (size 0.9 0.8) (layers F.Cu F.Paste F.Mask)
      (net 149 "Net-(D1-Pad3)"))
    (pad 2 smd rect (at -1 0.95) (size 0.9 0.8) (layers F.Cu F.Paste F.Mask)
      (net 2 "Net-(C1-Pad1)"))
    (pad 1 smd rect (at -1 -0.95) (size 0.9 0.8) (layers F.Cu F.Paste F.Mask)
      (net 1 GND))
    (model ${KISYS3DMOD}/Package_TO_SOT_SMD.3dshapes/SOT-23.wrl
      (at (xyz 0 0 0))
      (scale (xyz 1 1 1))
      (rotate (xyz 0 0 0))
    )
  )

  (module MyFootprints:Adafruit_BNO (layer F.Cu) (tedit 61F55092) (tstamp 61F5B1CE)
    (at 145.9992 107.2792)
    (fp_text reference REF** (at 2.6508 7.7708) (layer F.SilkS) hide
      (effects (font (size 1 1) (thickness 0.15)))
    )
    (fp_text value Adafruit_BNO_4754 (at 24.4348 11.4554 90) (layer F.SilkS)
      (effects (font (size 1 1) (thickness 0.15)))
    )
    (fp_line (start 20.32 8.89) (end 20.32 13.97) (layer F.SilkS) (width 0.12))
    (fp_line (start 20.32 8.89) (end 25.4 8.89) (layer F.SilkS) (width 0.12))
    (fp_line (start 20.32 13.97) (end 25.4 13.97) (layer F.SilkS) (width 0.12))
    (fp_line (start 0 13.97) (end 5.08 13.97) (layer F.SilkS) (width 0.12))
    (fp_line (start 5.08 8.89) (end 5.08 13.97) (layer F.SilkS) (width 0.12))
    (fp_line (start 0 8.89) (end 5.08 8.89) (layer F.SilkS) (width 0.12))
